+12238836584
+12238887138
+12239002458
+12239003358
+12239004618
+12239774991
+12243447360
+12243531998
+12243573442
+12243931816
+12244148701
+12245539633
+12245561891
+12245579445
+12497499671
+14479101922
+15735102429
+15812754128
+16066109306
+16627475625
+17206235097
+17206235897
+17276740200
+17277053611
+17277774279
+17277876391
+17707445534
+17708002230
+17712200495
+1772204118
+17722139865
+17722662663
+17724053507
+17736450783
+17736459637
+17738401284
+17739168176
+17739228087
+17856101064
+17864800717
+18014410398
+18016399249
